251
253
256
257
262
267
268
271
274
275
276
282
285
286
291
292
293
295
297
298
304
305
306
308
312
319
320
321
323
324
330
333
345
347
354
355
359
360
362
366
368
369
373
379
382
386
394
405
408
409
411
413
425
427
434
439
443
444
451
456
461
463
465
468
471
475
476
478
480
486
487
490
493
496
497
498
499
505
510
514
515
520
531
535
539
540
542
543
545
551
555
562
564
567
572
584
585
586
587
589
590
596
597
599
602
606
607
616
620
621
624
627
628
634
639
641
642
648
658
663
664
665
666
675
680
684
688
689
696
707
709
713
719
720
721
726
729
733
735
737
742
749
752
755
756
762
763
765
768
773
788
792
793
796
800
802
804
808
812
814
815
816
818
819
823
830
838
847
856
859
862
867
870
871
872
874
875
878
879
881
885
887
888
889
892
896
902
905
910
913
914
918
919
921
924
929
932
938
939
946
947
949
951
954
958
959
960
964
968
970
972
973
974
975
977
985
987
990
996
998
1000
1003
1005
1007
1011
1014
1018
1019
1023
1025
1026
1028
1031
1032
1034
1036
1039
1046
1049
1051
1052
1053
1054
1057
1058
1064
1066
1067
1069
1073
1077
1078
1080
1086
1087
1091
1095
1096
1099
1103
1106
1108
1109
1112
1127
1133
1136
1139
1142
1145
1146
1155
1160
1165
1166
1168
1169
1170
1172
1173
1175
1177
1180
1181
1183
1184
1186
1190
1195
1202
1203
1206
1221
1222
1223
1225
1235
1236
1239
1241
1243
1245
1247
1248
1250
1252
1256
1257
1266
1269
1270
1276
1278
1285
1286
1300
1302
1307
1311
1313
1321
1322
1323
1327
1344
1349
1356
1360
1361
1362
1369
1376
1379
1380
1391
1394
1399
1400
1402
1404
1411
1412
1419
1420
1422
1424
1426
1433
1440
1445
1450
1451
1457
1461
1469
1470
1475
1481
1483
1484
1488
1489
1492
1493
1498
1501
1502
1507
1514
1515
1516
1525
1527
1531
1532
1533
1536
1541
1543
1548
1550
1552
1554
1555
1561
1563
1570
1578
1580
1595
1602
1604
1606
1608
1610
1617
1621
1628
1629
1630
1634
1638
1640
1647
1650
1652
1664
1665
1668
1673
1675
1680
1681
1687
1689
1695
1697
1707
1713
1714
1716
1721
1723
1724
1730
1731
1733
1740
1745
1746
1750
1751
1753
1755
1761
1770
1771
1782
1789
1792
1793
1794
1796
1802
1806
1810
1811
1818
1819
1826
1830
1832
1833
1836
1838
1839
1840
1842
1843
1844
1845
1851
1852
1855
1865
1867
1868
1873
1881
1883
1887
1897
1901
1910
1911
1914
1915
1918
1921
1926
1929
1932
1935
1942
1944
1947
1950
1952
1955
1958
1959
1962
1965
1968
1983
1986
1988
1989
1991
1996
1998
2000
2002
2003
2006
2008
2009
2017
2018
2020
2034
2036
2037
2038
2041
2042
2044
2046
2059
2061
2063
2069
2070
2074
2075
2076
2091
2093
2097
2098
2102
2103
2105
2106
2110
2112
2113
2115
2116
2117
2118
2122
2125
2126
2128
2129
2131
2137
2138
2139
2141
2142
2143
2145
2152
2153
2155
2161
2164
2165
2169
2174
2177
2179
2181
2183
2188
2197
2200
2203
2205
2206
2209
2215
2219
2223
2226
2227
2228
2235
2237
2238
2245
2248
2249
2251
2256
2264
2276
2278
2285
2288
2300
2301
2304
2309
2310
2311
2312
2313
2322
2324
2327
2331
2333
2334
2336
2338
2340
2350
2353
2358
2359
2363
2366
2373
2374
2375
2383
2389
2390
2391
2393
2394
2399
2400
2404
2409
2418
2420
2424
2425
2428
2429
2433
2438
2439
2441
2447
2451
2452
2453
2454
2460
2461
2462
2483
2489
2491
2496
