0
1
2
3
4
5
6
7
8
9
10
11
12
13
14
15
16
17
18
19
20
21
22
23
24
25
26
27
28
29
30
31
32
33
34
35
36
37
38
39
40
41
42
43
44
45
46
47
48
49
50
51
52
53
54
55
56
57
58
59
60
61
62
63
64
65
66
67
68
69
70
71
72
73
74
75
76
77
78
79
80
81
82
83
84
85
86
87
88
89
90
91
92
93
94
95
96
97
98
99
100
101
102
103
104
105
106
107
108
109
110
111
112
113
114
115
116
117
118
119
120
121
122
123
124
125
126
127
128
129
130
131
132
133
134
135
136
137
138
139
140
141
142
143
144
145
146
147
148
149
150
151
152
153
154
155
156
157
158
159
160
161
162
163
164
165
166
167
168
169
170
171
172
173
174
175
176
177
178
179
180
181
182
183
184
185
186
187
188
189
190
191
192
193
194
195
196
197
198
199
200
201
202
203
204
205
206
207
208
209
210
211
212
213
214
215
216
217
218
219
220
221
222
223
224
225
226
227
228
229
230
231
232
233
234
235
236
237
238
239
240
241
242
243
244
245
246
247
248
249
268
282
304
308
320
359
373
379
409
463
475
493
498
510
535
564
590
599
606
624
627
628
663
666
680
688
752
765
814
818
859
867
872
914
919
921
951
960
972
990
996
998
1007
1014
1023
1028
1046
1049
1053
1057
1064
1067
1078
1095
1099
1106
1108
1109
1139
1166
1168
1170
1175
1181
1184
1221
1223
1225
1239
1257
1285
1286
1302
1420
1450
1457
1469
1484
1488
1493
1498
1533
1541
1548
1552
1554
1561
1580
1634
1638
1650
1673
1680
1687
1731
1740
1755
1771
1782
1818
1819
1826
1867
1883
1897
1901
1918
1921
1944
1962
1965
2002
2006
2008
2009
2042
2046
2059
2063
2069
2070
2076
2102
2122
2128
2138
2139
2141
2153
2183
2206
2251
2285
2309
2312
2322
2324
2350
2353
2383
2391
2404
2418
2420
2424
2433
2438
2452
2462
2491
