145
239
172
39
1225
201
83
179
2063
16
972
78
998
1901
215
1099
43
628
2324
94
93
227
1139
247
564
1552
30
157
244
193
90
75
1286
150
2069
245
1897
56
117
114
213
180
68
2322
42
123
232
498
116
135
186
8
606
1638
143
2350
175
2462
1168
1239
194
1731
1078
2153
192
493
46
85
951
2491
1420
1170
219
1049
1057
130
70
1818
990
1023
25
221
29
475
198
13
627
124
216
688
535
155
134
1302
1548
84
49
872
28
1554
268
233
4
2438
238
211
2139
146
15
61
663
101
241
320
79
60
752
240
1457
1223
153
118
2002
100
103
35
2452
1650
187
20
162
174
34
2312
165
1561
2076
26
914
140
168
229
2042
31
173
136
818
199
87
139
1533
2009
111
205
177
2424
133
32
666
1064
181
129
108
92
1826
1944
14
107
1046
243
1883
7
38
6
64
82
590
96
115
510
2418
1469
51
235
99
185
1166
208
159
22
55
2008
1755
102
158
248
52
88
224
27
80
23
234
1962
73
57
189
86
212
2383
1488
960
196
44
126
72
202
2138
81
2251
1687
19
105
120
2046
2433
1819
45
41
11
54
230
203
1106
98
1921
814
121
191
62
170
164
97
2391
218
2122
2141
197
919
63
17
1498
12
680
142
1918
128
249
148
119
308
1673
1175
125
209
151
236
2006
1541
53
304
161
104
1007
867
1484
9
207
77
1221
1867
188
1580
859
113
112
231
2128
138
1771
1782
182
1493
1285
69
48
214
65
0
71
1257
178
1053
2
37
1740
282
222
106
91
1067
1965
176
169
1450
1181
228
1
152
33
183
166
921
67
242
2420
149
206
154
373
132
599
1028
141
58
156
996
2353
163
220
2183
226
76
95
2206
2285
2309
1014
195
409
359
24
131
167
2070
217
190
74
171
160
59
3
127
210
223
2102
36
1095
1680
47
40
66
1184
2059
21
110
1109
109
122
89
18
225
137
144
246
463
237
50
379
624
204
5
1634
2404
1108
10
184
765
200
147
