2971
2049
2832
1477
3929
977
3669
1614
3682
2984
840
1688
4201
1941
176
1625
312
3295
2853
2735
2526
1742
1205
1101
1447
3540
2144
341
2927
1189
1635
4061
3903
280
1211
3485
2696
1810
3493
2254
866
1280
3470
2891
1322
216
2860
3268
2952
2048
2227
3457
3126
3291
3092
939
2809
1573
2306
47
1595
299
3527
836
3283
2170
1524
3673
931
2492
2855
4020
686
2764
1239
2770
3980
238
3032
2865
452
2946
290
123
666
1609
3618
2419
1618
709
3425
1597
4145
2181
66
2434
1186
2768
2561
898
1778
375
2916
1753
3474
1219
4072
2070
3095
1228
3263
135
2217
1312
2162
1621
2246
2488
659
2844
2199
3114
648
3603
313
472
1050
1105
3181
886
993
2450
1176
3173
1426
2191
3750
3358
1231
881
3018
2059
2449
105
3194
788
4121
2447
2072
1955
810
1987
314
3719
162
1007
3054
3257
4002
1448
497
3934
2985
2185
3778
867
353
2884
2451
4133
2742
3004
2442
2574
3464
407
1704
1091
1203
3240
1076
2661
3746
1744
2107
363
4086
4016
972
1806
3424
1339
3908
2705
86
650
1727
2076
2991
940
3292
3364
2344
3348
2054
911
1267
848
890
232
1065
3572
332
145
2089
3354
1526
307
1121
3074
610
3654
28
3139
1224
1167
1095
2155
3955
576
1196
4003
2309
2477
689
555
1934
3951
679
2993
667
1278
3344
2266
3512
1986
3108
1488
3644
2111
2902
1031
1793
4026
2416
3738
1642
85
2886
1959
1585
1260
3907
1605
1368
1514
4063
3806
2867
1841
3811
714
248
2322
1968
2719
1726
4045
256
1130
53
82
3217
487
1864
1979
2475
2669
2006
3061
1402
3888
4120
1660
2603
3755
3094
2137
1919
1461
1237
3613
348
3443
2173
3995
2251
1720
3747
1672
2265
2240
3946
1868
1136
1345
4021
587
550
3849
132
2286
997
613
2086
325
3172
3310
3529
568
3314
2024
2347
762
1024
3487
427
2222
906
3341
2423
3605
943
3622
3489
1284
949
1100
3420
3953
3113
1822
1936
473
1752
3244
2540
2913
1832
2754
49
3526
901
2939
1606
1738
9
637
3942
3383
2033
3964
3388
1998
113
4099
529
831
2304
581
1661
1880
1843
2242
1856
3729
597
3235
300
3818
2595
3764
888
2129
3773
498
3703
2193
76
3653
859
2553
316
1175
319
1371
2363
179
1773
2564
986
2104
2926
2126
2666
2294
4146
1476
3809
4092
2147
536
90
711
2498
1616
3602
3067
2877
3978
2239
461
1471
1751
2186
1096
3693
1951
737
4191
2645
504
2243
1180
2846
3938
254
200
1873
1518
2428
1531
2822
4067
1397
2407
3727
3377
3492
60
1207
1506
1365
2599
2249
3575
127
718
3462
4080
1893
4051
839
1145
2007
2889
1869
3912
89
2097
1221
3100
1183
4095
470
3319
2534
2282
1544
133
81
3519
3124
3924
2196
827
3731
491
3931
2623
932
1860
4115
1817
1216
2894
719
2032
525
903
1519
658
2601
4047
669
1637
4048
2293
2837
1285
1840
1562
3168
1052
2403
3212
3696
2664
502
3528
2757
627
1834
78
1566
3266
173
3716
698
1550
2339
3797
2608
2415
2677
1313
2116
167
3812
746
3118
1332
789
862
2016
608
3075
2808
645
1559
182
77
3066
2587
2545
423
2349
84
784
544
1450
3593
174
607
361
104
2164
2141
1532
483
2576
188
350
437
4070
3568
2774
442
3138
1735
2892
1257
4172
2907
2081
3629
2372
828
2578
152
2745
35
559
2481
642
1767
1038
2114
1629
2508
601
3774
1028
3223
664
3166
2262
4122
2692
616
998
1265
967
3044
395
3306
3534
3192
1813
2659
3298
206
3009
731
3249
2035
2302
1762
2149
3826
2536
684
3392
3573
3159
2810
2479
575
3299
2928
3195
3566
844
1839
3874
2562
4034
3520
1422
1673
3153
343
1613
2546
776
1297
2619
97
3322
1584
1093
2276
2376
3396
2397
3666
3652
1872
3158
3936
3544
339
1827
2903
1761
286
2332
2298
3269
1295
245
1142
922
1491
4152
2743
1374
3340
1586
1227
1811
1023
3831
2994
2211
3802
2620
3736
2654
3328
3099
4157
2250
2958
3558
3234
398
2906
606
570
1124
2021
3423
4011
1533
2464
849
3187
2252
1528
958
2787
1054
1456
462
2224
2163
3185
31
2703
3063
674
1299
3107
578
812
3616
4040
2642
3041
3810
673
3562
250
1081
2123
1150
952
2881
3441
3115
2924
166
1766
2883
4050
1891
4207
3433
441
3071
2803
3685
926
4075
671
1305
1424
3121
695
335
3952
566
2285
1858
798
2062
3360
2096
3351
1948
3017
2270
201
1538
3997
2350
1044
1247
3700
2716
1867
1481
1472
1088
2468
2258
180
2117
2158
3417
189
2920
3000
1883
4128
1731
1326
933
1804
3226
484
183
2357
3229
4162
1269
3782
727
3660
2406
3224
3448
1249
406
2995
1930
481
2353
3917
3155
3042
1976
1398
4118
1691
941
552
3672
1650
3463
681
1933
3829
3877
1540
3068
819
2003
2698
2633
4015
3148
83
493
1478
3583
1394
757
3838
646
3943
2707
2379
3345
2291
2737
982
1072
2280
3752
3691
16
4083
1034
2730
2189
537
3028
973
3007
1718
1952
2053
3334
889
1164
2039
2061
2013
260
1252
1250
3586
1623
4135
1431
3922
2360
3029
1457
3694
4001
602
2701
2290
2606
2802
2901
1626
3446
4127
4008
24
1676
3160
1418
677
1641
2465
2485
1084
880
3202
1254
3343
985
186
4183
4102
704
3589
3892
101
4006
2996
488
1291
2747
1170
1483
234
2931
2079
4076
2343
630
2674
3992
3327
561
1991
2944
2848
2050
632
3564
476
1541
635
3671
832
761
871
2226
2646
1622
17
722
1199
2962
178
474
665
4109
3665
604
1389
2334
4166
3241
3225
1379
2084
2168
2752
1737
3916
1974
2175
1141
1912
1743
21
4088
865
3481
1649
3178
3203
2637
1171
3958
1593
3516
377
4194
3324
841
3579
3064
443
3576
3312
99
3999
1148
3508
29
2727
1610
2418
725
4119
1289
1341
93
657
3777
3131
1177
3251
899
3893
2075
2115
2382
3456
4053
508
2027
289
3256
2821
2875
3689
3795
1059
3595
3949
1191
1011
3175
1387
599
3451
107
1815
405
2236
3760
2917
2157
422
3502
2647
3394
3111
385
1838
284
953
1463
1568
2320
2604
3375
3648
829
1102
1831
3950
2204
1728
3676
243
346
2751
640
2524
3271
2264
1014
1779
3129
2829
3037
184
379
3535
538
1161
2172
4175
1066
3484
1417
4188
1258
1001
2663
2900
1667
749
294
2346
1666
3494
2329
2836
595
2267
1122
1449
114
1523
1462
3459
923
2047
3681
2825
4181
3356
1651
2605
2693
2535
2519
315
2489
1244
3031
1384
4073
305
2313
2180
1713
2136
1116
4200
980
670
3825
4039
432
1309
1906
3191
2981
331
1439
3142
950
1769
1172
2001
2194
2166
2826
2441
1671
1435
3432
2555
2734
3317
2695
3483
1444
1659
296
410
2417
3214
3758
415
785
171
55
2038
3771
3592
615
68
3819
1749
2935
3150
1499
2974
822
981
2938
641
464
3408
426
3373
2364
2274
1333
1455
3632
1537
4085
2789
3918
401
1230
2621
2968
1992
3082
2338
1527
1855
3270
882
2497
2335
3218
388
2652
3090
524
3735
1525
2670
4024
3169
860
2986
3839
2318
2710
700
3157
3164
904
1603
3146
3495
1271
1617
1530
2319
2805
2429
3279
2665
1154
3338
2815
1346
2453
1981
2941
1151
1220
2259
2490
2025
2700
100
2591
3171
963
3098
1576
374
15
3678
1510
4112
1162
2771
4155
163
276
2470
208
3621
224
445
214
1996
399
3245
693
1494
1495
1821
946
390
521
2359
465
2516
4174
683
39
855
1233
1712
1967
554
1128
354
411
1043
3231
2206
892
1960
2773
2391
1120
3702
309
2624
3845
2383
2399
3635
1350
999
1268
3426
547
1002
3607
916
579
2799
1657
1644
1819
1789
3524
1323
4134
478
211
558
4097
3577
121
1830
1441
2688
2791
970
1158
2726
2330
365
3461
4156
2978
1046
3165
3471
3606
3015
3827
3923
590
3798
2878
1911
1591
2593
1119
3556
4049
3554
1179
527
1547
687
1022
2467
2426
4187
675
1243
2763
563
3144
2635
2672
2833
3069
263
1925
573
826
1152
3386
2098
837
2283
3002
1808
2786
433
320
14
1020
1049
492
355
467
1598
1209
3723
2177
1788
2273
3835
851
1978
3376
142
1797
1715
3179
3059
1842
1654
3870
2632
3981
2255
726
780
229
1557
1359
2827
4030
1604
2303
1060
4046
2069
741
3749
3315
2422
219
791
2615
3033
1798
2235
2879
4153
569
3862
1071
334
1599
2586
1113
988
4130
2676
1035
4129
2932
713
2092
1786
2515
2919
2392
1513
3498
1399
2374
2872
1902
1408
3435
1008
2583
37
2915
818
1747
3511
1505
1826
1589
543
2436
1432
1536
1080
688
3948
3078
185
944
1701
141
3944
338
1927
2904
4108
2683
2634
1800
3720
1390
1185
1772
2496
1337
1574
2327
2393
633
109
270
3116
3914
3659
612
1664
370
3452
2281
360
787
2135
792
1454
3664
2658
231
2356
2835
3020
4205
3898
2788
3803
120
2636
3049
2396
2862
2299
1953
3765
400
4140
2609
3200
143
2873
3704
2440
2292
3368
3984
3974
2068
4009
3567
947
682
1017
557
739
1870
1290
816
1092
3677
2869
4037
2029
2103
4055
2563
824
1090
3965
4180
3935
1874
763
1015
3176
2124
1755
4059
2384
46
3769
136
1995
2182
4032
2759
1153
327
2310
2219
3969
36
3584
4079
3852
507
2328
2610
2390
2367
2697
2512
2130
2018
2064
3267
2509
1429
4138
1137
477
1356
2386
1446
2105
3941
469
283
936
3303
1016
3817
3565
1155
3966
3748
161
1437
2733
3141
3469
2045
2087
471
3541
2188
1724
3963
759
3959
308
1578
3834
3683
2888
1413
4078
194
2756
3127
691
164
2253
1407
3023
1098
3079
2110
3486
1380
2228
1719
3872
1373
1139
2579
2960
1711
1682
3614
593
1656
2421
1665
2445
878
2567
13
1156
1964
3645
3982
621
3422
1634
1378
204
1473
3619
2691
236
3025
2134
1286
2767
2178
1107
742
3643
295
1741
2934
4117
3275
468
895
1083
2549
2842
2537
3039
3548
3336
160
2241
528
3679
1135
1159
2015
3925
1420
3046
3027
1853
413
88
108
2956
3167
3891
533
2085
516
274
1508
3503
1342
3325
3533
653
3772
4028
3991
264
2804
3024
3339
1174
2797
3585
678
1082
1411
2959
2288
2321
3021
3385
3045
1459
3813
1921
905
3580
393
1497
4062
857
3297
3863
556
2569
1757
2943
429
3369
1877
4193
2184
1897
460
2784
438
1443
1468
4163
1338
2588
111
158
3522
1013
342
1157
1492
3012
703
3293
4165
74
2352
2841
4114
2412
3983
3371
3726
44
1200
1969
1041
181
656
708
3323
2146
2580
1643
2725
1956
1193
2529
1763
4177
778
2738
2520
1852
1796
4069
155
2247
2800
1785
226
660
2699
1364
1018
328
1302
3698
1836
1343
733
2052
170
1945
1329
2966
3361
620
2982
378
2728
577
2558
117
1385
3913
11
639
3410
154
3674
3305
2830
3636
966
3500
3733
3453
1685
1315
2387
2410
624
1627
4025
2231
1887
3921
2268
273
228
1612
281
3409
649
2020
2607
842
2187
3206
3468
3055
2921
2205
2132
2036
1348
4124
148
2983
965
1404
2847
1565
96
3331
962
672
1957
3919
2113
1847
3128
1482
873
1965
1829
3649
2514
4018
495
2839
3617
4154
2859
2202
3717
1351
3103
2744
4000
531
3546
3957
2030
1147
2543
964
1823
490
3626
3590
3247
1825
969
1849
3186
2997
2596
3713
2571
540
1695
1386
42
3318
3302
4029
50
1445
3608
3252
2028
52
4189
1686
1961
2408
1276
75
2856
2377
3538
3085
2782
846
124
1068
3668
168
2990
2257
1225
909
1795
4160
358
3196
3588
2315
3560
247
1725
863
3089
1997
207
1030
729
2925
1134
697
514
893
2950
2831
298
2256
2271
1025
1316
2778
3057
4168
3350
1078
2019
2627
779
2394
3506
352
2612
2863
751
1062
367
3440
2452
3265
3915
2668
1929
3216
1570
1608
217
1717
701
1845
1075
3431
3329
323
118
3125
3133
2336
769
2102
3398
3278
304
2781
1714
1784
3866
1436
2600
4161
1416
2077
266
3130
129
456
3927
2473
1287
2570
990
2979
3574
3816
310
1716
2308
2834
2017
2409
1192
197
1994
140
2261
2133
1485
2548
1165
655
3347
3475
1529
444
106
311
3634
3102
1977
1232
3967
3670
380
1653
668
3404
2905
175
3859
623
2965
961
594
927
3598
2455
2404
2890
4064
1615
3552
2953
436
1515
900
251
1947
3804
765
4126
1699
3962
321
2151
1619
262
2160
2820
834
929
3070
2679
3006
2523
1391
3352
937
3779
930
3759
458
1560
2814
3308
1006
2471
541
2150
586
3976
2225
26
1318
3083
1759
2200
1401
2964
3215
2272
3559
3003
781
869
1571
1201
1896
329
565
2518
921
1089
3296
1966
1879
2880
919
205
3783
3753
95
3321
486
457
267
500
2495
2277
2461
4012
2957
2501
4148
1266
1056
2937
3156
3384
1160
2067
572
2556
1033
362
3721
2779
2380
3197
103
1905
2631
3557
2625
3501
2215
3053
1248
814
3300
2798
1133
512
2885
861
3479
2864
1112
3372
1923
3447
3313
3136
3651
1910
2559
3990
2582
3570
1903
3754
821
2749
992
2641
1999
4091
1768
19
1556
1140
494
3770
1414
1487
1567
3550
3333
1104
3488
910
2122
2686
1935
3472
277
2474
218
3062
3895
2795
1703
4100
239
1863
1131
394
409
3093
907
2909
1498
1063
1202
4023
3401
134
2723
1646
2456
3597
1680
2811
282
116
3555
4041
3549
2975
3363
1410
3290
4031
1058
4113
450
1765
2970
3684
2977
1480
1575
2715
1909
3799
879
1123
3120
3380
336
874
3294
3480
1655
3418
2233
1406
3911
1630
3193
3615
603
585
1019
2961
244
1037
1301
4185
535
1692
1805
694
974
48
1697
1746
1563
2101
920
434
1053
2731
1317
1546
213
3937
4042
2854
2552
2312
3623
4111
2521
147
1545
744
3988
1194
126
2969
2002
864
2918
4206
3532
3725
707
2093
454
1949
3846
3543
3633
2201
2680
847
2269
1824
3434
4198
1110
1681
1412
1669
1304
27
1888
1801
1710
3933
1846
479
3507
2190
4036
3143
2657
1057
2575
2506
3832
3975
3382
833
3745
3274
3830
3264
1279
2014
752
253
1393
3122
130
661
3397
534
1306
1907
2108
4090
397
1366
431
1871
2718
2139
402
3163
1458
203
971
3183
1421
3610
3612
4132
1000
3109
1736
2560
1292
144
3106
3154
3609
1504
1503
1353
3476
2948
3477
3661
3514
4147
356
4077
1534
383
3123
1493
2887
2812
257
4203
1097
760
853
3393
3204
815
2557
2295
1036
3407
736
2650
805
3885
122
1551
23
3796
3406
2010
3794
2989
3510
1146
3788
3939
2331
1940
1021
2539
425
1894
3887
619
2584
3246
3591
3986
1750
169
1382
4202
3077
510
4098
1844
3604
4106
1226
4060
1184
1818
2538
2793
1633
1129
209
485
2709
3841
2785
592
1296
3412
3780
4056
73
2840
1396
2893
3374
2838
2746
1336
20
3135
1430
1132
1500
3971
1861
617
858
2065
30
287
3785
1262
3436
1344
1363
1901
1975
344
2644
2882
1917
750
40
2237
3022
2483
4141
3255
957
3227
3857
2976
3858
732
3117
2381
156
989
3699
3013
1745
112
418
146
4066
562
8
2091
1168
57
643
3909
357
2899
2060
638
4190
233
10
1774
1310
883
3286
3873
3177
991
1970
3427
2717
128
3792
3655
2963
3282
3821
2673
2908
292
2643
830
1460
1300
2866
820
2324
4204
1372
2874
2214
3201
2248
137
2301
3687
984
1522
924
1899
1314
3087
1465
1040
3695
303
1027
1181
3680
1600
1734
975
3349
230
4182
1004
3536
3047
3402
1914
2055
293
4142
2780
496
3188
1469
3342
2005
2895
3837
4178
61
3242
2197
70
403
2138
3250
3776
2371
3119
1777
1803
3390
2510
716
1452
3005
3444
2388
2078
2095
2074
1820
3228
954
3442
2678
3395
2910
1988
1251
424
1678
2708
1954
1377
1143
549
1889
777
2314
2433
3928
1241
1087
2443
2337
835
1882
3996
3222
2305
2154
854
12
1756
3646
1274
4184
3367
506
1163
3010
3968
3840
3276
3867
1282
2066
2405
626
371
1144
1357
2499
1776
3897
1423
1733
1238
825
2368
2218
2998
571
2209
793
196
600
723
428
2736
3272
187
1354
652
2216
1198
2594
838
804
1611
738
1114
3450
773
546
1055
3763
2748
3905
4065
3850
1876
3900
2009
734
2125
3182
1229
3238
2671
808
2967
1553
1693
2023
2370
1321
190
1674
3658
3582
1620
1862
1517
976
1683
2296
3034
651
2148
65
212
2565
64
800
1370
1549
1835
1358
3854
1475
2845
647
2712
1288
326
1807
1908
1939
3482
1890
3162
1340
1702
235
2618
466
799
412
3190
1453
4089
3853
2796
1061
4044
285
3820
2159
3072
3800
3301
58
4150
2325
539
720
1569
1973
2088
625
1982
1928
2439
519
45
802
1782
2263
2992
2675
193
902
1327
125
3864
513
1190
3517
2389
2857
3784
772
3205
2682
2861
1187
1677
1349
4093
823
925
3844
1583
1640
4173
591
3415
3531
1210
149
2507
706
1320
1425
1837
2936
1748
3180
1812
1971
676
2083
3712
1400
1434
2174
4158
3883
3513
1118
553
696
3611
439
3370
1311
54
1816
1464
2275
945
2458
225
3594
1895
3709
2843
2585
3454
1496
2954
1963
3869
2653
1932
3808
3851
463
2430
1962
2427
511
3578
2638
3243
1272
896
2213
2223
1381
596
2099
3801
2165
1409
1466
790
3547
1698
448
2437
1403
72
3073
3701
1125
3739
3737
1946
3086
3714
629
2395
3460
2648
1904
735
3581
1920
2432
3036
4057
2613
3026
1918
3525
959
421
3429
2760
2807
2758
1335
2550
3081
2973
2945
210
2046
872
177
1564
2431
2702
2220
530
3455
968
3624
2457
1679
2082
2922
685
2127
2351
381
2300
1554
2307
2287
518
3437
4179
1926
589
2721
4110
2131
948
2460
2051
740
369
62
2616
87
1760
2446
3947
2541
3346
324
3147
241
1775
447
3732
3734
2819
272
2484
2987
1723
222
4171
1875
2472
1045
994
2119
1127
2592
1099
2183
811
157
634
1590
4010
1242
2500
913
3237
4143
242
2420
774
1484
1451
3793
1103
268
1638
4035
3499
1601
1188
3038
3413
3768
79
1885
3781
1944
3521
3876
3261
1077
2852
2140
3789
3248
1236
699
3871
1989
2373
3355
131
349
1010
1706
1047
3337
1330
1235
690
3104
2203
2221
875
1985
3718
4081
2955
252
1740
2438
3465
3977
2824
743
2090
1543
505
2667
3288
1520
1360
1334
3722
3979
330
987
67
3692
1328
2547
768
3954
3815
3571
1794
1972
3879
195
526
2685
237
717
870
1709
3011
3688
4054
3428
894
3184
3741
2413
2034
1086
4071
2898
1916
3230
1594
2195
796
1915
560
2040
3198
4144
522
1943
1984
2358
2493
3620
1516
3878
2930
908
715
3332
2244
297
220
1662
1126
318
2750
1308
2152
1204
1178
3152
3724
1596
2690
3728
1069
1362
2106
2753
3236
2278
376
3563
2022
382
451
912
3008
3561
1684
2000
1234
3880
2876
2816
3132
3894
3140
3281
3277
2912
2762
2704
724
2232
3387
1582
3330
3439
517
3207
2369
1195
2598
3650
2279
2739
2772
3400
3467
2896
3896
1029
1067
2617
756
3730
1064
2871
3515
3791
2210
3419
1264
2044
4022
2361
1369
3411
3362
271
2316
3690
786
644
803
2522
1729
3855
1694
2740
748
1624
3868
1980
2424
2491
1792
1739
199
3096
2720
3304
2806
2626
609
4103
2530
3930
2858
2542
1579
1474
938
2476
1169
2212
139
1892
2469
4096
876
2008
1415
4084
1848
631
1878
1993
2042
414
1552
755
1111
3600
2317
1277
3766
891
3353
2828
3545
317
3836
1668
2630
386
1512
4199
2229
1542
3756
1663
3365
2311
1548
728
807
2628
1138
2611
2513
3280
34
1215
2435
1922
2502
914
3861
249
928
2340
2179
1275
1117
91
3084
3551
1631
449
7
3220
1770
2230
2568
1433
2689
3490
2260
3080
2933
1705
51
3960
3359
71
4007
389
3542
979
4043
384
1983
3208
165
3161
302
1367
2109
269
1721
767
705
2031
3052
4004
2444
2980
3890
340
3289
2597
4068
2348
692
1802
3030
2145
3050
1539
1392
3902
3405
1324
3391
1070
3504
618
3985
1217
2192
915
809
523
32
1647
258
1521
2366
2949
775
3751
4019
1577
4116
333
2100
1079
1850
3706
2080
3663
3882
1073
1511
1502
1166
2531
1428
918
1218
628
2026
80
3357
2729
1780
2120
3640
1689
3509
1325
3389
110
3539
2365
387
3647
3035
978
582
1294
1881
1700
4149
4038
215
2776
4104
3287
3686
455
151
4082
2401
2375
191
1937
255
1388
3284
3273
4186
3097
2713
1645
3926
3631
18
3076
983
3708
3596
721
4013
1182
574
3421
845
3151
1558
935
3569
2911
515
4151
3378
3601
3189
2589
3414
3466
2532
996
3537
3807
3048
1758
240
246
1535
2402
605
766
489
3667
1958
1884
3740
1042
2724
1212
2914
3326
3262
2769
198
2112
1833
1628
337
2722
420
1898
322
3445
3379
3381
2057
446
951
265
1851
2238
3901
2094
4159
1115
1303
567
4131
1214
1005
1886
4195
3904
2581
4170
4027
1990
2207
1687
2823
2341
520
2972
56
2929
2684
887
138
2482
3889
3473
1670
794
758
3219
2504
2378
3637
588
2566
2940
1048
1012
852
2041
3805
2614
1587
1561
2602
2640
1814
2818
1270
2234
2354
3105
580
3174
2459
1913
3311
3710
3051
3956
1791
3884
3970
1931
2176
3767
4176
3881
291
306
1639
3824
3416
501
2056
3998
817
2058
2333
1051
710
4017
1245
1039
3786
4101
3239
584
2923
38
115
3842
3043
2999
1281
408
662
917
3211
1419
3213
636
1467
275
102
795
4074
2741
1009
3232
1395
25
3366
1273
3530
430
3973
3254
4167
3865
3430
3060
347
3210
1722
2755
3058
885
1223
261
1730
2897
2656
2777
753
1283
3920
3628
440
3137
2345
3496
2849
3697
1857
1486
2706
2766
63
509
2425
3715
1347
2528
3258
1924
59
2775
3675
797
2554
960
4139
221
3505
3497
368
2208
1352
542
3627
1607
2655
3518
2622
783
1865
1375
3458
2511
1675
3399
1771
1489
1787
1950
1253
2783
2480
1438
2533
3847
1938
3762
2171
2573
3110
956
3449
3856
2454
3899
3743
1074
2355
2245
771
480
1790
730
2590
1580
3630
1479
3972
3711
2466
2794
3823
2011
2711
416
4192
877
1094
2161
2121
868
2525
1442
1255
1108
1828
4105
202
2398
2143
94
4033
654
3945
1106
2694
3233
159
288
754
3639
3335
2813
2551
43
92
2868
1383
2817
453
1173
2142
499
3285
611
150
1854
3491
1781
2156
351
1636
2660
2289
1208
843
2942
2662
3625
33
223
884
345
712
1032
782
3641
995
227
583
2527
3638
2463
475
1942
2169
2400
1293
1648
119
364
1754
3707
1572
934
417
2761
3843
3209
3587
4014
1501
3088
2765
545
2629
1555
2850
3091
2153
3662
1581
3309
806
2414
3848
702
1602
622
4136
3814
3478
2988
2167
3320
2284
897
4164
2851
3642
1085
3403
98
3253
4052
2448
3833
1900
3761
614
3260
3014
2063
4137
3019
1197
2128
2732
2505
3910
3828
459
1690
3993
3134
396
4005
2198
3001
1256
856
3742
4094
1799
3787
1588
2043
801
1149
3553
745
747
3316
3705
3199
1026
3101
392
680
172
3822
1732
2572
2577
2792
1240
532
2951
3112
2649
2073
4107
942
3149
1809
3170
1470
2297
1658
1405
153
1261
391
598
3961
366
2544
2342
3259
1707
1708
1696
1632
1866
259
2004
404
2714
1109
278
301
4196
3599
3757
3145
2118
2503
1592
764
1355
564
4197
2801
1376
2494
435
2651
1213
4125
2487
2478
1222
3040
663
2462
2362
2681
3775
3221
1652
1298
3744
3940
1440
482
373
3994
1003
2326
3656
770
3523
850
22
2385
1206
279
3875
419
3860
2947
3987
3657
372
3790
1307
2639
3886
1764
1427
2037
1859
1490
955
2687
1263
548
69
1361
3989
2486
2411
1783
2012
503
1507
2071
3438
3056
192
41
3932
3906
2870
4058
813
2790
3307
4169
1509
1259
551
1246
1331
359
1319
3016
4087
4123
3065
2517
2323