159
415
299
236
492
314
186
317
247
231
6
53
87
346
473
147
419
302
405
269
207
92
434
172
164
118
74
153
131
218
140
435
227
13
398
319
385
331
417
411
367
179
246
291
270
217
31
455
267
2
484
21
470
168
275
289
251
3
126
188
432
238
458
50
489
151
205
105
229
132
14
290
259
181
192
258
387
297
226
426
467
24
392
442
453
77
284
237
365
122
224
38
303
383
265
185
440
194
9
61
214
347
158
79
420
480
148
293
41
263
285
499
241
345
1
243
43
58
366
449
393
279
436
26
228
308
260
106
42
146
198
423
133
416
421
301
401
47
46
57
177
403
268
498
221
328
187
29
225
352
360
461
155
309
296
391
479
157
210
11
191
311
340
22
295
223
450
332
288
108
272
370
378
294
162
397
447
34
174
320
96
380
69
165
282
255
197
481
438
55
395
329
369
150
76
219
80
344
169
355
175
116
325
51
88
156
204
496
494
95
130
306
353
215
300
244
427
439
410
485
377
464
362
407
211
261
414
99
18
44
487
203
66
4
469
368
326
305
491
102
75
286
316
10
104
213
212
359
459
483
409
137
437
456
235
474
444
304
28
180
273
448
84
111
91
163
199
262
350
364
209
109
495
374
52
318
276
149
462
124
381
232
202
144
234
68
173
16
183
253
482
65
98
313
256
152
127
166
119
248
472
161
280
12
0
490
45
190
277
333
216
196
358
193
361
283
136
327
141
49
343
312
15
154
428
36
454
33
451
113
128
114
107
351
145
497
400
220
322
338
478
242
81
138
429
445
101
239
135
339
477
85
382
408
123
83
67
371
287
463
208
486
37
425
56
406
264
324
20
139
89
330
334
5
170
7
201
337
121
298
117
39
48
176
17
424
90
23
281
373
78
97
266
120
418
112
110
27
363
129
356
389
230
64
134
310
82
94
390
59
452
250
357
460
182
115
19
349
62
342
143
240
100
278
167
206
402
32
189
315
468
72
60
70
71
335
399
466
321
493
422
323
412
142
457
245
336
471
430
86
476
8
252
54
394
431
160
348
30
375
413
25
233
404
35
200
254
446
93
274
178
388
441
376
475
396
271
372
465
184
384
433
354
63
307
73
125
379
292
488
103
257
341
249
222
171
40
443
386
195
