881
2176
1966
2898
1057
2928
1246
214
648
3547
389
2797
393
1828
1642
3817
1297
1786
3160
2101
2575
3782
1279
912
2296
839
272
1211
3406
1055
3630
1974
3497
1932
292
2976
3286
2693
2985
3734
2682
1278
1955
671
2794
3868
2565
1523
3988
1506
840
2694
1967
278
414
345
3065
2554
1198
3756
2816
1514
2054
2770
1495
832
3572
1237
3051
1750
2251
643
792
3469
2280
1860
767
374
2330
1643
1374
3521
1405
4018
3404
335
329
659
428
224
2446
2966
430
1021
511
3537
2278
294
1588
2188
2475
3914
2949
1887
2999
937
864
3556
364
987
3285
2600
2349
2059
3763
755
711
1823
2820
544
1459
2223
3413
1918
1632
2341
3424
226
2133
1233
2255
2519
240
3387
3717
1553
324
1795
2685
3097
3032
872
851
3124
2200
3538
1513
695
3026
2451
1779
2157
835
1019
1849
1359
3624
3508
1850
1174
3354
1584
2826
1583
2161
2854
1944
2274
2067
2914
849
1567
3477
3120
2302
645
2699
3066
3938
1957
2663
3369
940
594
2379
3179
3423
896
716
1277
2436
2799
2158
3711
1765
1579
3640
3863
1922
3270
1220
1269
1034
1672
1085
732
1063
408
845
947
303
1129
914
2128
2004
3694
3004
2374
3880
1793
2830
3256
3514
656
2211
3482
628
326
1400
3954
1586
1855
1722
2781
3273
2538
2358
3916
1130
2848
1520
3433
3811
2743
3650
725
786
3894
1897
2084
1589
3152
1187
2933
2307
996
733
385
3813
3417
3338
744
488
3848
2351
3961
2603
2730
3979
3383
3294
2992
383
1188
361
1159
764
2403
2206
3722
1872
3119
728
1545
2428
1619
3480
2269
1607
183
501
992
2991
1877
3695
1540
3438
1902
1665
2605
529
602
1773
1214
863
1467
2491
3924
2454
2628
1411
1908
3161
2082
1096
3001
3780
3607
3013
2824
1788
1380
3216
3749
3585
2312
3691
3827
2631
3881
1692
504
3583
1608
3023
2899
185
1525
3459
1422
2144
2096
1376
1585
3810
520
1716
1358
3542
2111
3168
3831
3632
2563
2381
4026
3984
1874
1015
3434
3284
332
2749
464
1599
3769
3211
3317
3446
3755
2592
3142
1662
1286
833
1847
3942
740
1774
337
2688
3371
3100
2668
407
2377
2856
965
2864
2315
2257
3625
2371
1194
2455
2855
2644
552
202
218
4013
1390
3253
3740
427
3399
2430
1079
3804
1592
3681
4020
3278
1020
1817
3515
1047
2210
667
3431
2038
2232
1609
756
2911
3596
3874
2956
1457
3138
2316
454
487
1759
2817
1558
3416
2878
3116
3012
961
3644
2289
1156
1213
3043
1575
3204
339
536
704
712
943
1802
3849
3464
274
3025
541
423
1834
3958
2602
1195
1653
3311
614
3009
3673
1160
3533
2785
1536
2704
2711
1634
3362
2870
2550
187
2293
2765
2091
890
3409
300
3000
188
834
3568
820
2520
3221
2322
3615
2564
905
2837
1137
3027
1989
2088
505
2834
893
3990
1707
2823
3300
3635
3861
3175
3038
1717
2571
3254
420
378
2311
2457
2930
2652
719
2784
1469
1477
1176
3049
4009
630
3908
2593
3389
3392
1265
3018
2614
2630
1308
2498
1436
482
3952
827
3576
2872
2181
3033
3398
953
2891
2925
1031
2623
1335
3919
3030
534
424
3321
2527
2894
491
922
3739
3603
1658
3113
2205
2995
3366
439
3436
1494
512
944
223
1992
266
710
1738
1934
694
3057
2970
1565
3327
3126
1819
660
1618
3917
443
497
2561
3269
1193
1166
3871
770
669
1262
2944
1432
2712
1576
925
2394
3662
3428
906
1462
3432
3940
3186
1481
3746
2994
2950
1702
3149
456
963
596
2119
209
3288
3191
1885
1056
431
3302
1811
257
194
210
3357
3828
3503
2681
2625
1986
989
2034
2649
1259
390
4027
3276
1017
1076
1454
3867
2313
3882
773
2812
2235
1947
3929
2510
1463
2503
1465
3753
248
1691
3837
1149
2417
2858
680
2427
2242
2513
2012
2113
2378
1797
2941
585
322
2245
1449
1050
1870
3774
1396
365
234
2483
1720
3500
243
1708
1284
1904
1927
2127
3751
176
564
561
494
1353
2440
538
433
1052
2537
3290
1910
2795
495
762
1616
3771
3487
2409
715
678
1007
2791
3258
1913
2152
4001
2665
1482
461
2011
1671
3467
3588
555
3017
3888
2515
2547
386
2146
805
173
2622
3953
1365
1288
410
2839
3349
3408
757
2951
619
1418
496
551
664
3339
2281
2926
2516
1958
2669
763
3672
236
877
1701
203
182
3528
3272
3700
1212
675
2757
707
2219
411
1217
1039
1884
3289
384
441
1205
1003
1610
2808
2965
1332
2508
921
2657
2715
841
3247
1542
3129
2073
2350
1529
2850
2801
3044
2418
3847
3360
2229
1163
1024
3697
3655
3709
3809
2889
760
2786
2700
1472
2108
2165
1429
2584
2291
1945
750
2237
436
1352
3668
1385
1801
3451
479
1648
3669
3937
800
1749
1175
875
3364
945
1147
3522
2416
3716
2383
1890
2264
1622
1010
2080
2260
3801
2298
3594
3962
2148
405
3627
3731
1345
1394
2648
2271
4015
599
539
396
3212
2973
3491
3618
2392
3074
2734
3264
3053
1512
2045
1434
2931
3536
1307
3974
1327
3773
931
1815
1228
3898
1905
553
980
2425
2822
2524
2386
1590
3532
2684
3249
2937
1769
2526
1564
2599
1812
2150
1527
3873
2690
2129
1539
970
858
2764
1633
1263
2506
3933
739
3915
3234
2171
3380
2815
1274
2196
1732
1323
2677
1709
892
1943
2609
484
3546
3564
3559
3099
3472
3132
1339
1322
1595
394
1820
2756
2961
3949
197
1480
4014
342
1764
3679
2709
1993
1072
2044
353
1792
1574
1695
1440
1032
3230
1014
3531
3824
1684
3215
2987
2968
2404
1604
1556
3144
3458
2216
1204
1572
2484
1319
2131
2384
1293
929
1304
1626
3303
794
842
2945
323
3224
1223
990
3382
1673
3870
199
3499
1719
2728
2500
2629
2908
255
869
984
3794
2735
3426
3461
3580
2172
742
2448
3507
2838
3859
3843
2877
3518
624
525
856
3994
338
3895
3921
1833
399
2423
288
3955
598
586
242
275
3449
1111
812
2997
3060
3590
3117
2239
3510
1675
3329
3174
1617
468
509
1157
1200
768
1172
269
2062
2888
1240
4006
1452
1120
570
1068
636
3689
3842
819
988
2742
595
918
1484
741
3723
3076
1180
2751
3792
1515
2531
1758
293
3229
3213
2661
661
717
2163
903
2720
1724
3188
3219
1703
1406
3184
3912
3096
1831
2297
3050
3762
2465
3167
2710
991
2913
1226
1169
568
883
1186
1543
3876
924
387
3631
215
340
476
838
3156
258
2841
1430
2450
3889
283
3359
1568
1864
2013
1903
3663
297
853
1981
521
1475
898
653
1402
3918
1081
895
1027
3506
1102
2112
913
3170
184
3016
2213
2802
677
629
1882
1982
1330
915
2065
2489
1836
2762
1123
850
3555
3377
1392
3554
1298
1830
1951
1257
3365
1557
1488
2676
824
784
2234
3323
972
3823
403
2776
2560
942
438
1450
1145
1976
2695
3046
3601
2270
810
2664
2873
239
1108
2558
1371
844
3154
316
3088
745
1059
3498
620
1372
2719
1301
2410
522
2874
2339
691
3316
1924
3807
1133
982
253
1963
1413
978
3193
3163
885
3164
2283
1171
1067
3071
2336
2988
291
2105
1460
569
2969
2481
2675
1038
2556
200
2496
2233
3226
2167
2415
836
735
2982
897
3704
2662
2476
860
3358
584
3061
2967
3875
4004
2304
2401
3376
2800
3236
1006
1397
2713
1939
473
1254
1814
3130
2276
2779
4010
724
2240
2740
3094
814
640
1344
2613
1077
2183
993
2186
2125
3372
2376
1535
3283
1727
2385
2361
802
1029
1206
2698
3548
1914
3687
2724
3403
587
3147
3593
2862
1991
2329
2337
2788
3312
2042
3092
3770
713
1341
1876
198
2103
1799
2268
3086
696
3306
1357
2637
2943
1366
729
453
2604
1092
1421
1509
1103
1977
1276
3964
3390
3911
1920
3573
1131
2089
2093
2335
1215
2723
2576
702
462
2099
1561
3582
848
2650
3910
515
2596
252
3602
3591
3833
880
3821
3858
1282
533
1018
1663
2811
2703
1739
1338
2083
3900
1025
571
1635
3014
1410
1314
876
747
2741
3553
1990
3659
699
2543
2122
1880
1207
994
1973
1782
2980
1569
3730
804
1844
606
1843
3729
3228
3677
3620
3869
2169
1289
1868
1519
3040
196
2532
2607
2390
298
2047
2299
3956
3375
2958
1952
1726
823
1381
1136
3333
2070
813
999
302
955
3815
1856
1340
216
3304
3281
518
1888
2845
2424
3832
1551
2929
3443
655
3587
730
333
3223
3098
219
4023
3896
1935
2173
1507
658
3654
2726
1839
3028
941
330
2029
1570
3022
2005
1930
1135
2068
2354
1775
1245
1384
959
3996
2407
356
2611
2701
2763
2829
434
1428
2581
2363
3007
3478
3707
1126
2861
681
3342
2439
3978
490
2488
3864
179
3733
2380
526
3232
475
3685
2207
3999
927
3420
3176
2124
3041
1705
2056
2023
3838
1470
721
1312
2185
1260
1388
2019
558
1037
948
2924
1416
801
2372
1686
2324
3127
1471
1134
3307
1761
180
3112
2666
3951
1754
1647
2107
2859
3567
1560
343
1479
3197
2370
1578
3834
1655
2880
3671
1487
3452
1731
2433
2204
2140
1113
261
2413
2918
1829
2639
3192
1961
2057
623
2697
508
3611
1638
2314
1627
3903
2198
3886
2746
3570
2626
1116
2977
1893
483
1483
514
1294
973
1496
604
3173
305
1956
631
3194
425
2387
2718
547
2546
1715
3391
3059
1004
313
3005
1725
2490
2126
981
1674
1266
459
3622
397
2915
3670
3943
857
1185
2250
3225
3646
230
649
3125
1867
815
3814
2692
2282
2408
1247
3986
578
3675
3291
2608
1087
419
2429
778
2771
1533
2557
2461
2495
2164
1602
2086
2916
1161
237
247
1190
3545
3085
554
3407
260
3606
2419
477
1404
1143
3356
1300
208
796
3261
3414
3905
1415
1083
3841
2438
2568
2876
2981
2263
3268
358
2517
3502
1869
3295
2551
1060
627
1940
3122
1706
1573
557
2226
2027
3699
1630
2860
662
1636
3015
873
611
3686
1736
3682
3259
1862
562
700
426
2587
2360
1084
3534
2952
256
2467
2061
1629
1984
1064
2227
2347
634
3029
1778
3973
2748
3803
1334
1313
1070
3373
2760
2459
543
1155
1641
2721
1090
3714
916
3378
1013
2727
2262
746
412
3310
1649
2789
2092
1510
3571
2591
2010
1559
2323
1771
3346
3934
2732
1988
510
3747
1118
3745
591
2001
320
2962
2590
574
1042
3352
2154
271
1485
2705
3589
2964
2570
3093
3145
1742
3476
589
3997
3721
2769
2114
1711
1181
1273
2106
2388
1189
3440
3140
1683
1898
1614
1290
2230
3042
3901
1925
3857
344
2362
3820
2334
3314
1043
2097
1978
2189
2306
3957
2193
3340
489
3560
2445
2632
1605
3799
900
3965
608
2356
2468
1292
830
382
3519
467
2935
2717
3969
2466
2287
1597
1752
1664
3196
3486
2303
811
1455
3920
1272
222
1048
1972
967
2447
1264
2548
3110
1791
1777
2121
249
359
3412
2151
3737
1881
573
2214
1983
2633
806
3252
2578
3543
3106
3865
1681
828
492
3019
2492
3674
1577
2813
718
3056
286
2348
3660
413
1490
2615
2301
791
1700
1144
2036
665
697
231
1915
1735
2389
3902
871
1995
2110
1119
1183
2514
2018
442
2875
1437
2796
1349
3470
1453
2921
1351
1987
2078
2220
2761
3529
1891
2141
579
2051
737
3651
2852
2203
1026
3427
1554
663
1713
2504
3980
1637
206
400
3489
807
795
409
1737
1679
759
2352
2046
308
3754
3222
1219
2849
2679
930
3775
3836
429
3657
3846
1000
1178
2892
2453
2984
1816
1623
2844
3787
2714
3447
683
1879
1367
1921
3070
3854
2273
3024
1676
709
2031
2456
1203
603
440
2890
175
1425
309
1734
774
2187
1438
460
2499
1441
1199
2540
2790
2285
3402
1965
2003
3246
1613
2658
798
1654
1805
3102
1534
2585
1442
3089
1168
1401
3262
1657
3892
3332
3103
2641
1895
2236
3415
3877
2939
2333
957
1173
3652
2959
2674
321
2885
657
682
2893
1054
1499
2733
2246
2507
3388
3757
2477
2247
1258
3783
3146
1866
1089
1760
2566
2391
1444
1196
546
1234
1461
3941
3115
3410
3598
1941
287
3245
1766
2095
3457
975
1139
720
3320
3750
3766
2573
3182
1979
2321
1061
867
1439
2938
2659
2621
463
2485
3608
3569
919
346
1693
3948
3693
2567
2194
1229
1714
958
3525
334
2932
1524
609
1517
4025
2549
1822
277
2774
2793
3995
2691
2249
421
2833
1606
2156
1154
3760
1325
3385
1718
3639
2737
2222
2048
3744
465
686
3610
3157
3453
1505
868
3637
1458
2497
1926
3484
2989
1522
3035
1928
1097
3565
2118
2420
3090
3936
3617
262
336
3330
1894
1250
3779
1859
181
3786
2653
4021
3058
2882
2474
3475
2395
2865
532
2606
3761
304
3468
3581
3925
1994
2909
3923
3137
1088
2772
2431
2288
259
825
1909
416
3850
1826
1803
1841
548
3878
2399
1466
3121
785
3975
1745
2443
690
2208
714
347
2155
769
2058
899
870
902
2957
3959
2469
1858
2442
3829
406
708
2851
3345
3177
2533
772
357
1331
2597
1280
1165
1954
3872
1857
1501
3439
2522
1970
2192
3777
907
3280
500
2960
211
3202
2810
3566
1938
1931
341
3641
2521
228
3539
1873
859
2071
3725
1871
4017
607
3351
1398
4024
3441
3105
368
2868
2610
360
3855
1502
1192
2382
803
3322
1959
1417
3636
3665
3442
289
2562
3010
3987
1011
3501
1248
3334
2444
331
936
3511
3862
1232
2368
376
2998
3728
2295
3454
1348
1907
934
761
1530
2344
2261
2473
3945
2405
3200
2656
2412
3131
862
3698
306
601
3826
3649
3776
1053
2920
2191
1985
960
2582
1492
2328
1361
3292
692
3853
1594
1364
3463
377
1447
3676
3967
432
2617
1202
524
3203
751
229
2505
523
783
932
1906
3396
909
2707
3488
2904
2780
2414
3968
2076
1827
498
254
1379
2572
615
3845
3437
3393
3341
3318
3790
1310
1101
373
205
566
1255
2767
2738
3445
1170
3621
3048
1620
1646
884
2199
2687
3217
2867
1581
2162
3626
2866
693
2402
3297
2922
2272
2905
2017
3483
637
3064
1948
352
1748
1670
3527
2883
3696
3738
1500
3397
997
962
3421
2215
2479
1321
2209
2248
2897
738
1041
3720
749
3505
1582
348
1631
2437
1580
2778
3067
3726
3991
2509
1107
3235
2729
3195
1498
3077
1840
1962
3080
1875
2635
2835
1468
2460
644
3759
1804
971
3039
1682
904
1845
2462
177
3141
633
3002
296
3444
3690
471
1242
3418
186
3931
201
3008
2000
1549
1532
1110
1249
4000
1153
3347
2552
1141
2406
375
666
3238
1320
1521
1645
1158
866
1296
3481
2397
793
531
191
977
3474
1917
1016
2502
1800
3189
3104
1896
1445
1099
2009
1051
1152
837
3524
449
3490
2365
1668
1892
3313
3155
3081
1355
227
371
3265
3732
2267
1098
2643
3577
1587
3765
2310
2884
3578
974
2079
1022
2104
613
480
367
1704
2624
2754
2052
3108
3944
2318
3597
3535
1326
3251
2265
2109
950
687
1383
625
874
3231
3021
2238
861
1953
2990
1324
1698
583
1302
3612
676
3370
3395
3883
2041
3758
404
1787
3563
1821
3003
3808
2671
445
3928
451
349
809
1002
3062
1035
3927
3715
969
1601
2716
668
3250
448
787
781
3084
363
646
3255
2655
1093
174
3907
2085
1451
3279
1680
276
983
3172
888
1109
3118
951
1999
753
600
2586
2895
1227
2014
319
1049
452
1100
1783
1853
392
2536
3798
998
3178
2846
2702
2534
2231
1757
1252
1824
1182
2117
3263
1267
3479
1427
758
3552
1566
3243
3419
580
1669
2955
1861
3800
2195
3788
1838
910
2993
3207
285
2225
705
1508
3171
1518
3353
2804
4003
2940
2651
2638
1762
3989
2184
327
3932
3078
3495
642
3227
1916
284
1772
2355
3939
1541
1555
1303
2434
450
2325
1883
3653
1065
2529
1391
2002
1456
3037
2290
1486
672
3394
1295
2319
189
398
1373
1621
1975
847
2680
754
2696
2559
1125
315
1503
1078
2026
3153
3768
779
1946
3899
1275
3123
1751
1299
1045
2745
2373
3797
2087
1712
513
3456
1389
3884
3095
1117
3998
3466
684
2683
3541
2946
3020
469
731
1806
1942
3628
3574
2646
1115
1009
3151
2258
3741
1656
2033
1767
829
3150
622
3819
703
3299
1690
2775
2139
3052
2421
1347
3331
776
2064
956
1997
1889
446
3135
689
1222
1305
435
299
2654
765
391
1852
3634
2825
3083
193
2066
3139
2432
2400
1547
3159
2130
1167
3778
3134
1146
593
2359
1835
3802
233
3368
1741
2807
1710
2672
527
312
1544
581
966
2016
4016
2294
3114
485
3363
2217
3614
1073
3239
3133
1337
2166
1969
1074
1075
2843
1504
3069
2636
2063
2090
2979
1763
1287
651
3430
3455
3742
1744
2441
3107
2422
3830
3791
481
268
1912
592
1008
1923
1420
2021
1743
281
3031
3337
517
2647
2906
2256
1980
4007
486
241
2847
3822
891
1128
788
1311
3796
3719
821
2706
2177
1095
3169
3835
2708
3047
362
2202
528
3701
2900
3260
310
706
1046
3400
2309
422
3609
789
2901
3816
3429
2326
2072
267
1516
1723
1960
2218
2228
478
1781
1315
540
2634
790
3143
192
1624
437
1360
3034
979
635
516
2881
4002
1678
2886
1919
2025
507
3063
1593
2580
3599
307
639
290
1733
3136
3293
2744
1697
641
1142
1208
3011
2773
2583
1478
3684
843
1354
3633
1424
3494
1848
3355
1526
1071
2832
949
372
878
2182
3678
3906
1328
3795
3893
3971
775
3405
493
2595
1730
2123
3073
225
1386
559
2923
3075
2512
279
1387
3411
2331
3963
995
2821
244
3198
1281
976
2134
2168
590
1306
2642
379
3275
2766
3422
3879
3381
2212
3844
545
1318
3248
3982
1611
1224
2147
1414
1114
238
752
2983
3244
3764
3148
2620
2986
563
3703
2645
1776
317
1846
3087
1571
2887
1209
1235
1333
1809
2398
1661
3692
1659
727
2840
1685
722
2842
1813
3425
1197
3909
3613
3386
1687
2579
2367
1231
1476
1755
2768
1407
1309
354
822
1933
2972
537
2327
3493
852
1316
3839
2660
447
444
2818
2618
688
1448
2574
2759
1210
519
2037
1363
2525
1511
221
2008
1740
2523
1426
1122
3658
698
1728
3805
2338
2777
3460
1270
1696
1842
1937
2750
3079
2612
771
2015
2426
3904
2138
3516
1562
1225
3282
3648
3712
1971
542
3305
1256
2753
938
886
1105
190
2221
4028
1271
3683
1104
1474
455
685
3361
2077
894
3240
2917
2640
1005
1493
2170
474
3072
380
3584
263
3604
3187
3558
3752
250
2493
576
4022
2530
701
2190
2971
264
565
2243
3296
401
3271
1094
3789
588
780
3166
917
3492
2963
1531
402
1370
1106
1473
3562
1640
4019
251
1936
3544
1382
2486
3561
366
2116
748
2030
1423
3748
1150
1369
3970
3206
1393
1639
2896
1435
2458
2132
2975
2300
3718
2353
726
1403
2809
2043
273
626
328
1998
1660
2411
3181
3274
3183
2259
3496
318
3309
355
3267
1151
3328
1261
1446
939
650
1184
3966
1552
2179
3162
2143
280
3384
2153
1044
1375
2115
2342
265
3960
3128
3767
1062
1784
3664
3348
1563
3324
2284
908
3930
1538
1798
1191
1285
350
178
1148
1121
3450
3257
3983
2903
2343
3972
2518
2805
831
3549
1968
2678
2277
3785
1612
2798
3629
1179
2471
808
2910
2049
458
2050
3706
1790
3946
3242
1964
2542
3600
3158
1216
2736
1796
3772
2535
530
3165
647
2032
2252
2814
1112
2098
3006
2528
2857
2266
3992
954
1729
612
3743
2555
2369
3208
3806
2828
3082
1794
2060
887
418
1091
1028
2907
3926
882
3513
4005
3336
952
2902
2934
1443
1378
2869
1431
1770
670
3950
1644
1030
472
2094
2544
621
1395
2511
928
2863
3218
295
879
370
217
3812
1230
2616
2569
2074
2035
207
1162
2366
1603
3319
1132
1667
3619
1419
1548
1753
2942
1497
2197
213
3473
3885
2178
1600
1615
3326
3205
560
1399
2174
2253
3784
3825
3101
3680
1807
2028
1251
3595
1368
3233
2081
2725
2577
2286
1239
3462
2332
1127
3036
3308
3579
1140
556
638
3645
2159
1863
2120
388
1082
3913
1789
2912
3325
172
605
3201
2541
3298
535
2686
1628
195
3180
245
1336
1291
1066
3237
2145
3623
3209
855
3977
1537
1949
2806
1350
3287
301
1177
3465
3736
3520
2598
2452
1854
1689
2553
1346
2827
2102
2345
2180
1652
1012
3315
2853
3214
470
3922
3616
3793
1317
1591
2478
2482
3401
1241
3509
1650
1810
3517
2673
3111
618
3471
1342
920
766
3530
3667
3887
2948
582
4012
457
3335
673
1528
1996
2357
964
1086
3550
3540
3379
1900
816
3851
220
2594
2364
1878
2254
3277
3642
2007
1491
3068
2974
1268
654
2449
3993
736
2487
2722
2936
3523
3586
1651
1201
2803
679
3735
3045
2480
235
817
3666
3781
3724
818
3981
417
3210
2375
1244
2075
2244
3575
3266
2689
2024
846
926
1433
3055
3713
3891
415
1694
3897
3367
3890
3638
2470
3860
2472
2136
3448
381
1221
2731
1023
232
1677
2175
946
212
1546
1785
782
2040
923
3344
985
1832
2396
1033
1489
1362
2142
2947
1756
3190
652
3708
1080
2020
1283
2201
723
1818
3199
2782
1851
933
3592
2279
2494
986
2792
3557
2160
610
2501
3485
1950
3818
2619
2317
1329
3661
3840
743
865
1666
2463
2747
1377
2783
1929
2006
2022
2953
1550
3605
3702
2069
2755
506
2589
2836
3866
3647
270
2539
4011
3350
3343
617
2601
567
2039
499
826
3656
1699
2588
968
2346
395
1901
1243
3091
503
282
2752
797
616
575
2787
3710
1343
2819
3054
1625
734
1040
1412
549
2137
369
2919
502
2978
2135
3374
2241
1409
2224
1780
1036
3241
3301
2305
597
901
325
1899
572
3435
889
1218
632
2053
1825
351
854
2879
3727
2275
2055
3643
311
2340
466
2545
935
2464
1164
1058
3526
2667
1464
1408
911
1886
2954
1911
2308
246
550
1001
3109
1837
1598
1356
1865
1768
2996
1069
1236
3947
2831
1747
577
1596
2670
2292
2758
2871
1808
3705
3688
2393
204
3551
1124
3512
3856
1746
4008
3504
2435
1721
3985
1688
1238
2149
3935
674
3852
2320
3976
3185
1253
3220
1138
799
314
2100
2739
2927
2627
777