0
1
2
3
5
9
10
12
17
18
21
24
33
36
37
40
47
48
50
53
58
59
65
66
67
69
71
74
76
77
89
91
95
104
106
109
110
112
113
119
122
125
127
128
131
132
137
138
141
142
144
147
148
149
151
152
154
156
160
161
163
166
167
169
171
176
178
182
183
184
188
190
195
200
204
206
207
209
210
214
217
220
222
223
225
226
228
231
236
237
242
246
249
282
304
308
359
373
379
409
463
599
624
680
765
859
867
921
996
1007
1014
1028
1053
1067
1095
1108
1109
1175
1181
1184
1221
1257
1285
1450
1484
1493
1498
1541
1580
1634
1673
1680
1740
1771
1782
1867
1918
1965
2006
2059
2070
2102
2128
2183
2206
2285
2309
2353
2404
2420
