921
624
2285
17
463
1493
176
36
0
24
1498
1175
21
113
149
171
226
2183
765
1067
166
1181
188
37
2128
67
867
12
1782
18
178
200
1028
409
109
1740
599
138
1634
1918
379
1771
304
142
106
53
1673
147
184
190
91
77
237
148
69
231
1108
141
71
144
151
10
2
182
1680
204
1257
1095
127
156
2006
122
154
214
308
1014
59
2070
206
119
152
112
5
1109
195
210
9
161
137
1541
220
207
1285
89
48
859
2102
1
1053
2309
95
76
104
1184
163
246
110
225
1867
2059
1965
373
183
1221
228
47
128
1580
125
58
996
1007
359
2353
40
223
3
2404
217
1450
2206
65
222
1484
2420
132
160
169
209
167
249
50
282
131
236
66
242
680
33
74
